[gd_scene load_steps=15 format=3 uid="uid://dkll0pyticy4a"]

[ext_resource type="PackedScene" uid="uid://dduvtl0m7qs3w" path="res://scenesAndPrefabs/Bed.tscn" id="1_xkyx8"]
[ext_resource type="PackedScene" uid="uid://bk5jqw0all45l" path="res://scenesAndPrefabs/Glass.tscn" id="2_g1ryf"]
[ext_resource type="PackedScene" uid="uid://yjxe7thi5qpy" path="res://scenesAndPrefabs/Player.tscn" id="3_v38gp"]
[ext_resource type="PackedScene" uid="uid://brcm6n6jdi6l7" path="res://scenesAndPrefabs/Table.tscn" id="4_6ifax"]
[ext_resource type="Script" path="res://Scripts/campoint.gd" id="5_rwclk"]
[ext_resource type="PackedScene" uid="uid://dgg7whyqfrja1" path="res://scenesAndPrefabs/soda pickup.tscn" id="6_ffn23"]
[ext_resource type="Texture2D" uid="uid://boycoiun8ygp2" path="res://textures/LevelComplete.png" id="7_jmb04"]

[sub_resource type="BoxMesh" id="BoxMesh_tdral"]

[sub_resource type="BoxShape3D" id="BoxShape3D_sp6bc"]

[sub_resource type="PhysicalSkyMaterial" id="PhysicalSkyMaterial_ehxhj"]
rayleigh_color = Color(0.482353, 0.74902, 0.976471, 1)
mie_color = Color(0.576471, 0.756863, 0.858824, 1)
ground_color = Color(0.2, 0.2, 0.2, 1)
exposure = 0.2

[sub_resource type="Sky" id="Sky_8fagw"]
sky_material = SubResource("PhysicalSkyMaterial_ehxhj")

[sub_resource type="Environment" id="Environment_irw53"]
background_mode = 2
sky = SubResource("Sky_8fagw")

[sub_resource type="Animation" id="Animation_8igdl"]
resource_name = "LC_InFromLeft"

[sub_resource type="AnimationLibrary" id="AnimationLibrary_jlfdp"]
_data = {
"LC_InFromLeft": SubResource("Animation_8igdl")
}

[node name="Node3D" type="Node3D"]

[node name="Bed" parent="." instance=ExtResource("1_xkyx8")]
transform = Transform3D(1, 0, 0, 0, 1, 0, 0, 0, 1, 2.42279, -0.503838, 0)

[node name="Glass" parent="." instance=ExtResource("2_g1ryf")]
transform = Transform3D(1, 0, 0, 0, 1, 0, 0, 0, 1, 0.874199, 0.203106, 0)

[node name="Player" parent="." instance=ExtResource("3_v38gp")]
transform = Transform3D(1, 0, 0, 0, 1, 0, 0, 0, 1, -1.89064, 1, 0)

[node name="Table" parent="." instance=ExtResource("4_6ifax")]
transform = Transform3D(1, 0, 0, 0, 1, 0, 0, 0, 1, -0.000239849, -0.474213, -0.00172997)

[node name="StaticBody3D" type="StaticBody3D" parent="."]
transform = Transform3D(20, 0, 0, 0, 1, 0, 0, 0, 20, 0, -1, 0)

[node name="MeshInstance3D" type="MeshInstance3D" parent="StaticBody3D"]
mesh = SubResource("BoxMesh_tdral")

[node name="CollisionShape3D" type="CollisionShape3D" parent="StaticBody3D"]
shape = SubResource("BoxShape3D_sp6bc")

[node name="DirectionalLight3D" type="DirectionalLight3D" parent="."]
transform = Transform3D(0.958972, -0.190148, 0.210279, -0.262813, -0.318106, 0.910899, -0.106315, -0.928791, -0.355028, 0, 0, 0)
shadow_enabled = true

[node name="WorldEnvironment" type="WorldEnvironment" parent="."]
environment = SubResource("Environment_irw53")

[node name="campoint" type="Node3D" parent="."]
transform = Transform3D(0.987136, 0, 0.159881, 0, 1, 0, -0.159881, 0, 0.987136, 0, 0, 0)
script = ExtResource("5_rwclk")

[node name="Camera3D" type="Camera3D" parent="campoint"]
transform = Transform3D(-1, 7.36648e-08, -1.31808e-07, 0, 0.872922, 0.48786, 1.50996e-07, 0.48786, -0.872922, -1.012, 3.423, -7.375)

[node name="soda pickup" parent="." instance=ExtResource("6_ffn23")]
transform = Transform3D(1, 0, 0, 0, 1, 0, 0, 0, 1, -5, 1, -6)

[node name="AnimationPlayer" type="AnimationPlayer" parent="."]
root_node = NodePath(".")
libraries = {
"": SubResource("AnimationLibrary_jlfdp")
}

[node name="TextureRect" type="TextureRect" parent="AnimationPlayer"]
anchor_left = 0.016
anchor_top = 0.028
anchor_right = 0.98
anchor_bottom = 0.968
offset_left = 63.616
offset_top = 142.2
offset_right = -64.52
offset_bottom = -142.8
grow_horizontal = 2
grow_vertical = 2
texture = ExtResource("7_jmb04")
metadata/_edit_use_custom_anchors = true
